=== TASK 3 RESULTS (Variant 6) ===
x range: [10.0, 13.0], points: 500, eps: 0.001

x	approx	exact	abs_error	terms
10.0000	-0.544012	-0.544021	9.00e-06	17
10.0060	-0.549047	-0.549056	9.19e-06	17
10.0120	-0.554061	-0.554071	9.38e-06	17
10.0180	-0.559056	-0.559065	9.58e-06	17
10.0240	-0.564030	-0.564040	9.78e-06	17
10.0301	-0.568984	-0.568994	9.99e-06	17
10.0361	-0.573918	-0.573928	1.02e-05	17
10.0421	-0.578830	-0.578841	1.04e-05	17
10.0481	-0.583722	-0.583733	1.06e-05	17
10.0541	-0.588593	-0.588603	1.09e-05	17
10.0601	-0.593442	-0.593453	1.11e-05	17
10.0661	-0.598270	-0.598281	1.13e-05	17
10.0721	-0.603076	-0.603088	1.16e-05	17
10.0782	-0.607861	-0.607872	1.18e-05	17
10.0842	-0.612623	-0.612635	1.21e-05	17
10.0902	-0.617363	-0.617376	1.23e-05	17
10.0962	-0.622081	-0.622094	1.26e-05	17
10.1022	-0.626777	-0.626790	1.28e-05	17
10.1082	-0.631450	-0.631463	1.31e-05	17
10.1142	-0.636100	-0.636113	1.34e-05	17
10.1202	-0.640727	-0.640741	1.36e-05	17
10.1263	-0.645331	-0.645345	1.39e-05	17
10.1323	-0.649911	-0.649926	1.42e-05	17
10.1383	-0.654468	-0.654483	1.45e-05	17
10.1443	-0.659002	-0.659017	1.48e-05	17
10.1503	-0.663511	-0.663527	1.51e-05	17
10.1563	-0.667997	-0.668012	1.54e-05	17
10.1623	-0.672458	-0.672474	1.58e-05	17
10.1683	-0.676896	-0.676912	1.61e-05	17
10.1743	-0.681308	-0.681325	1.64e-05	17
10.1804	-0.685696	-0.685713	1.68e-05	17
10.1864	-0.690059	-0.690077	1.71e-05	17
10.1924	-0.694398	-0.694415	1.75e-05	17
10.1984	-0.698711	-0.698729	1.78e-05	17
10.2044	-0.702999	-0.703017	1.82e-05	17
10.2104	-0.707261	-0.707280	1.86e-05	17
10.2164	-0.711498	-0.711517	1.90e-05	17
10.2224	-0.715709	-0.715729	1.94e-05	17
10.2285	-0.719895	-0.719914	1.98e-05	17
10.2345	-0.724054	-0.724074	2.02e-05	17
10.2405	-0.728187	-0.728208	2.06e-05	17
10.2465	-0.732294	-0.732315	2.10e-05	17
10.2525	-0.736374	-0.736396	2.15e-05	17
10.2585	-0.740428	-0.740450	2.19e-05	17
10.2645	-0.744455	-0.744477	2.24e-05	17
10.2705	-0.748455	-0.748477	2.28e-05	17
10.2766	-0.752428	-0.752451	2.33e-05	17
10.2826	-0.756373	-0.756397	2.38e-05	17
10.2886	-0.760292	-0.760316	2.43e-05	17
10.2946	-0.764182	-0.764207	2.48e-05	17
10.3006	-0.768046	-0.768071	2.53e-05	17
10.3066	-0.771881	-0.771907	2.58e-05	17
10.3126	-0.775689	-0.775715	2.63e-05	17
10.3186	-0.779468	-0.779495	2.68e-05	17
10.3246	-0.783220	-0.783247	2.74e-05	17
10.3307	-0.786943	-0.786970	2.80e-05	17
10.3367	-0.790637	-0.790666	2.85e-05	17
10.3427	-0.794303	-0.794332	2.91e-05	17
10.3487	-0.797940	-0.797970	2.97e-05	17
10.3547	-0.801549	-0.801579	3.03e-05	17
10.3607	-0.805128	-0.805159	3.09e-05	17
10.3667	-0.808678	-0.808710	3.16e-05	17
10.3727	-0.812199	-0.812232	3.22e-05	17
10.3788	-0.815691	-0.815724	3.29e-05	17
10.3848	-0.819153	-0.819187	3.35e-05	17
10.3908	-0.822586	-0.822620	3.42e-05	17
10.3968	-0.825989	-0.826023	3.49e-05	17
10.4028	-0.829361	-0.829397	3.56e-05	17
10.4088	-0.832704	-0.832741	3.64e-05	17
10.4148	-0.836017	-0.836054	3.71e-05	17
10.4208	-0.839300	-0.839338	3.79e-05	17
10.4269	-0.842552	-0.842591	3.86e-05	17
10.4329	-0.845774	-0.845813	3.94e-05	17
10.4389	-0.848965	-0.849005	4.02e-05	17
10.4449	-0.852126	-0.852167	4.10e-05	17
10.4509	-0.855255	-0.855297	4.18e-05	17
10.4569	-0.858354	-0.858397	4.27e-05	17
10.4629	-0.861422	-0.861465	4.36e-05	17
10.4689	-0.864458	-0.864503	4.44e-05	17
10.4749	-0.867463	-0.867509	4.53e-05	17
10.4810	-0.870437	-0.870484	4.63e-05	17
10.4870	-0.873380	-0.873427	4.72e-05	17
10.4930	-0.876291	-0.876339	4.81e-05	17
10.4990	-0.879170	-0.879219	4.91e-05	17
10.5050	-0.882017	-0.882067	5.01e-05	17
10.5110	-0.884833	-0.884884	5.11e-05	17
10.5170	-0.887616	-0.887668	5.21e-05	17
10.5230	-0.890367	-0.890420	5.32e-05	17
10.5291	-0.893086	-0.893141	5.43e-05	17
10.5351	-0.895773	-0.895829	5.53e-05	17
10.5411	-0.898428	-0.898484	5.65e-05	17
10.5471	-0.901050	-0.901107	5.76e-05	17
10.5531	-0.903639	-0.903698	5.87e-05	17
10.5591	-0.906196	-0.906255	5.99e-05	17
10.5651	-0.908719	-0.908781	6.11e-05	17
10.5711	-0.911210	-0.911273	6.23e-05	17
10.5772	-0.913668	-0.913732	6.36e-05	17
10.5832	-0.916093	-0.916158	6.49e-05	17
10.5892	-0.918485	-0.918551	6.62e-05	17
10.5952	-0.920844	-0.920911	6.75e-05	17
10.6012	-0.923169	-0.923238	6.88e-05	17
10.6072	-0.925461	-0.925531	7.02e-05	17
10.6132	-0.927720	-0.927791	7.16e-05	17
10.6192	-0.929944	-0.930018	7.30e-05	17
10.6253	-0.932136	-0.932210	7.45e-05	17
10.6313	-0.934293	-0.934369	7.60e-05	17
10.6373	-0.936417	-0.936494	7.75e-05	17
10.6433	-0.938507	-0.938586	7.90e-05	17
10.6493	-0.940563	-0.940643	8.06e-05	17
10.6553	-0.942585	-0.942667	8.22e-05	17
10.6613	-0.944572	-0.944656	8.38e-05	17
10.6673	-0.946526	-0.946611	8.55e-05	17
10.6733	-0.948445	-0.948532	8.72e-05	17
10.6794	-0.950427	-0.950419	7.67e-06	18
10.6854	-0.952279	-0.952271	7.83e-06	18
10.6914	-0.954097	-0.954089	8.00e-06	18
10.6974	-0.955881	-0.955873	8.17e-06	18
10.7034	-0.957630	-0.957622	8.34e-06	18
10.7094	-0.959345	-0.959336	8.51e-06	18
10.7154	-0.961024	-0.961016	8.69e-06	18
10.7214	-0.962670	-0.962661	8.87e-06	18
10.7275	-0.964280	-0.964271	9.06e-06	18
10.7335	-0.965855	-0.965846	9.25e-06	18
10.7395	-0.967396	-0.967386	9.44e-06	18
10.7455	-0.968901	-0.968892	9.63e-06	18
10.7515	-0.970372	-0.970362	9.84e-06	18
10.7575	-0.971808	-0.971797	1.00e-05	18
10.7635	-0.973208	-0.973198	1.02e-05	18
10.7695	-0.974573	-0.974563	1.05e-05	18
10.7756	-0.975903	-0.975892	1.07e-05	18
10.7816	-0.977198	-0.977187	1.09e-05	18
10.7876	-0.978457	-0.978446	1.11e-05	18
10.7936	-0.979681	-0.979670	1.14e-05	18
10.7996	-0.980870	-0.980858	1.16e-05	18
10.8056	-0.982023	-0.982011	1.18e-05	18
10.8116	-0.983141	-0.983129	1.21e-05	18
10.8176	-0.984223	-0.984211	1.23e-05	18
10.8236	-0.985270	-0.985257	1.26e-05	18
10.8297	-0.986281	-0.986268	1.28e-05	18
10.8357	-0.987256	-0.987243	1.31e-05	18
10.8417	-0.988196	-0.988182	1.34e-05	18
10.8477	-0.989099	-0.989086	1.37e-05	18
10.8537	-0.989968	-0.989954	1.39e-05	18
10.8597	-0.990800	-0.990786	1.42e-05	18
10.8657	-0.991597	-0.991582	1.45e-05	18
10.8717	-0.992358	-0.992343	1.48e-05	18
10.8778	-0.993083	-0.993067	1.51e-05	18
10.8838	-0.993772	-0.993756	1.54e-05	18
10.8898	-0.994425	-0.994409	1.58e-05	18
10.8958	-0.995042	-0.995026	1.61e-05	18
10.9018	-0.995623	-0.995607	1.64e-05	18
10.9078	-0.996168	-0.996152	1.67e-05	18
10.9138	-0.996678	-0.996661	1.71e-05	18
10.9198	-0.997151	-0.997134	1.74e-05	18
10.9259	-0.997588	-0.997570	1.78e-05	18
10.9319	-0.997989	-0.997971	1.82e-05	18
10.9379	-0.998354	-0.998336	1.85e-05	18
10.9439	-0.998683	-0.998665	1.89e-05	18
10.9499	-0.998976	-0.998957	1.93e-05	18
10.9559	-0.999233	-0.999214	1.97e-05	18
10.9619	-0.999454	-0.999434	2.01e-05	18
10.9679	-0.999639	-0.999618	2.05e-05	18
10.9739	-0.999787	-0.999766	2.09e-05	18
10.9800	-0.999899	-0.999878	2.13e-05	18
10.9860	-0.999976	-0.999954	2.18e-05	18
10.9920	-1.000016	-0.999994	2.22e-05	18
10.9980	-1.000020	-0.999997	2.27e-05	18
11.0040	-0.999988	-0.999964	2.31e-05	18
11.0100	-0.999919	-0.999896	2.36e-05	18
11.0160	-0.999815	-0.999791	2.41e-05	18
11.0220	-0.999674	-0.999650	2.46e-05	18
11.0281	-0.999498	-0.999473	2.51e-05	18
11.0341	-0.999285	-0.999259	2.56e-05	18
11.0401	-0.999036	-0.999010	2.61e-05	18
11.0461	-0.998751	-0.998724	2.66e-05	18
11.0521	-0.998430	-0.998403	2.72e-05	18
11.0581	-0.998073	-0.998045	2.77e-05	18
11.0641	-0.997679	-0.997651	2.83e-05	18
11.0701	-0.997250	-0.997221	2.89e-05	18
11.0762	-0.996785	-0.996755	2.94e-05	18
11.0822	-0.996283	-0.996253	3.00e-05	18
11.0882	-0.995746	-0.995715	3.06e-05	18
11.0942	-0.995173	-0.995142	3.13e-05	18
11.1002	-0.994564	-0.994532	3.19e-05	18
11.1062	-0.993918	-0.993886	3.25e-05	18
11.1122	-0.993237	-0.993204	3.32e-05	18
11.1182	-0.992520	-0.992486	3.38e-05	18
11.1242	-0.991767	-0.991733	3.45e-05	18
11.1303	-0.990979	-0.990944	3.52e-05	18
11.1363	-0.990154	-0.990118	3.59e-05	18
11.1423	-0.989294	-0.989257	3.67e-05	18
11.1483	-0.988398	-0.988361	3.74e-05	18
11.1543	-0.987466	-0.987428	3.81e-05	18
11.1603	-0.986499	-0.986460	3.89e-05	18
11.1663	-0.985496	-0.985456	3.97e-05	18
11.1723	-0.984457	-0.984417	4.05e-05	18
11.1784	-0.983383	-0.983342	4.13e-05	18
11.1844	-0.982273	-0.982231	4.21e-05	18
11.1904	-0.981128	-0.981085	4.30e-05	18
11.1964	-0.979947	-0.979904	4.38e-05	18
11.2024	-0.978731	-0.978687	4.47e-05	18
11.2084	-0.977480	-0.977434	4.56e-05	18
11.2144	-0.976193	-0.976147	4.65e-05	18
11.2204	-0.974871	-0.974824	4.74e-05	18
11.2265	-0.973514	-0.973466	4.84e-05	18
11.2325	-0.972122	-0.972072	4.93e-05	18
11.2385	-0.970694	-0.970644	5.03e-05	18
11.2445	-0.969232	-0.969180	5.13e-05	18
11.2505	-0.967734	-0.967682	5.23e-05	18
11.2565	-0.966202	-0.966148	5.34e-05	18
11.2625	-0.964634	-0.964580	5.44e-05	18
11.2685	-0.963032	-0.962976	5.55e-05	18
11.2745	-0.961395	-0.961338	5.66e-05	18
11.2806	-0.959723	-0.959665	5.77e-05	18
11.2866	-0.958017	-0.957958	5.89e-05	18
11.2926	-0.956276	-0.956216	6.00e-05	18
11.2986	-0.954500	-0.954439	6.12e-05	18
11.3046	-0.952690	-0.952628	6.24e-05	18
11.3106	-0.950846	-0.950782	6.37e-05	18
11.3166	-0.948967	-0.948902	6.49e-05	18
11.3226	-0.947054	-0.946987	6.62e-05	18
11.3287	-0.945106	-0.945039	6.75e-05	18
11.3347	-0.943125	-0.943056	6.89e-05	18
11.3407	-0.941109	-0.941039	7.02e-05	18
11.3467	-0.939060	-0.938988	7.16e-05	18
11.3527	-0.936977	-0.936904	7.30e-05	18
11.3587	-0.934859	-0.934785	7.45e-05	18
11.3647	-0.932708	-0.932633	7.59e-05	18
11.3707	-0.930524	-0.930446	7.74e-05	18
11.3768	-0.928306	-0.928227	7.89e-05	18
11.3828	-0.926054	-0.925973	8.05e-05	18
11.3888	-0.923769	-0.923686	8.21e-05	18
11.3948	-0.921450	-0.921366	8.37e-05	18
11.4008	-0.919098	-0.919013	8.53e-05	18
11.4068	-0.916713	-0.916626	8.70e-05	18
11.4128	-0.914295	-0.914206	8.87e-05	18
11.4188	-0.911745	-0.911753	8.02e-06	19
11.4248	-0.909259	-0.909268	8.19e-06	19
11.4309	-0.906741	-0.906749	8.36e-06	19
11.4369	-0.904189	-0.904197	8.53e-06	19
11.4429	-0.901605	-0.901613	8.70e-06	19
11.4489	-0.898988	-0.898997	8.88e-06	19
11.4549	-0.896338	-0.896347	9.07e-06	19
11.4609	-0.893656	-0.893666	9.25e-06	19
11.4669	-0.890942	-0.890952	9.44e-06	19
11.4729	-0.888196	-0.888206	9.64e-06	19
11.4790	-0.885418	-0.885427	9.84e-06	19
11.4850	-0.882607	-0.882617	1.00e-05	19
11.4910	-0.879765	-0.879775	1.02e-05	19
11.4970	-0.876891	-0.876901	1.05e-05	19
11.5030	-0.873985	-0.873995	1.07e-05	19
11.5090	-0.871047	-0.871058	1.09e-05	19
11.5150	-0.868078	-0.868089	1.11e-05	19
11.5210	-0.865078	-0.865089	1.13e-05	19
11.5271	-0.862046	-0.862058	1.16e-05	19
11.5331	-0.858984	-0.858996	1.18e-05	19
11.5391	-0.855890	-0.855902	1.20e-05	19
11.5451	-0.852765	-0.852777	1.23e-05	19
11.5511	-0.849610	-0.849622	1.25e-05	19
11.5571	-0.846423	-0.846436	1.28e-05	19
11.5631	-0.843206	-0.843219	1.31e-05	19
11.5691	-0.839959	-0.839972	1.33e-05	19
11.5752	-0.836681	-0.836695	1.36e-05	19
11.5812	-0.833373	-0.833387	1.39e-05	19
11.5872	-0.830035	-0.830049	1.42e-05	19
11.5932	-0.826667	-0.826682	1.45e-05	19
11.5992	-0.823269	-0.823284	1.47e-05	19
11.6052	-0.819841	-0.819856	1.50e-05	19
11.6112	-0.816384	-0.816399	1.54e-05	19
11.6172	-0.812897	-0.812913	1.57e-05	19
11.6232	-0.809381	-0.809397	1.60e-05	19
11.6293	-0.805835	-0.805851	1.63e-05	19
11.6353	-0.802260	-0.802277	1.66e-05	19
11.6413	-0.798657	-0.798674	1.70e-05	19
11.6473	-0.795024	-0.795042	1.73e-05	19
11.6533	-0.791363	-0.791381	1.77e-05	19
11.6593	-0.787673	-0.787691	1.80e-05	19
11.6653	-0.783955	-0.783973	1.84e-05	19
11.6713	-0.780208	-0.780227	1.88e-05	19
11.6774	-0.776433	-0.776452	1.91e-05	19
11.6834	-0.772630	-0.772649	1.95e-05	19
11.6894	-0.768799	-0.768819	1.99e-05	19
11.6954	-0.764940	-0.764960	2.03e-05	19
11.7014	-0.761054	-0.761074	2.07e-05	19
11.7074	-0.757140	-0.757161	2.11e-05	19
11.7134	-0.753198	-0.753220	2.16e-05	19
11.7194	-0.749230	-0.749252	2.20e-05	19
11.7255	-0.745234	-0.745257	2.25e-05	19
11.7315	-0.741212	-0.741235	2.29e-05	19
11.7375	-0.737162	-0.737186	2.34e-05	19
11.7435	-0.733086	-0.733110	2.38e-05	19
11.7495	-0.728984	-0.729008	2.43e-05	19
11.7555	-0.724855	-0.724880	2.48e-05	19
11.7615	-0.720700	-0.720725	2.53e-05	19
11.7675	-0.716519	-0.716544	2.58e-05	19
11.7735	-0.712311	-0.712338	2.63e-05	19
11.7796	-0.708079	-0.708105	2.68e-05	19
11.7856	-0.703820	-0.703848	2.74e-05	19
11.7916	-0.699536	-0.699564	2.79e-05	19
11.7976	-0.695227	-0.695256	2.85e-05	19
11.8036	-0.690893	-0.690922	2.91e-05	19
11.8096	-0.686533	-0.686563	2.96e-05	19
11.8156	-0.682149	-0.682180	3.02e-05	19
11.8216	-0.677741	-0.677771	3.08e-05	19
11.8277	-0.673307	-0.673339	3.15e-05	19
11.8337	-0.668850	-0.668882	3.21e-05	19
11.8397	-0.664368	-0.664400	3.27e-05	19
11.8457	-0.659862	-0.659895	3.34e-05	19
11.8517	-0.655332	-0.655366	3.40e-05	19
11.8577	-0.650779	-0.650813	3.47e-05	19
11.8637	-0.646202	-0.646237	3.54e-05	19
11.8697	-0.641601	-0.641637	3.61e-05	19
11.8758	-0.636978	-0.637015	3.68e-05	19
11.8818	-0.632331	-0.632369	3.76e-05	19
11.8878	-0.627662	-0.627700	3.83e-05	19
11.8938	-0.622969	-0.623009	3.91e-05	19
11.8998	-0.618255	-0.618295	3.98e-05	19
11.9058	-0.613518	-0.613558	4.06e-05	19
11.9118	-0.608758	-0.608800	4.14e-05	19
11.9178	-0.603977	-0.604019	4.22e-05	19
11.9238	-0.599174	-0.599217	4.31e-05	19
11.9299	-0.594349	-0.594393	4.39e-05	19
11.9359	-0.589503	-0.589548	4.48e-05	19
11.9419	-0.584635	-0.584681	4.57e-05	19
11.9479	-0.579747	-0.579793	4.66e-05	19
11.9539	-0.574837	-0.574884	4.75e-05	19
11.9599	-0.569906	-0.569955	4.84e-05	19
11.9659	-0.564955	-0.565005	4.94e-05	19
11.9719	-0.559984	-0.560034	5.04e-05	19
11.9780	-0.554992	-0.555043	5.14e-05	19
11.9840	-0.549980	-0.550032	5.24e-05	19
11.9900	-0.544948	-0.545001	5.34e-05	19
11.9960	-0.539896	-0.539951	5.45e-05	19
12.0020	-0.534825	-0.534881	5.55e-05	19
12.0080	-0.529735	-0.529791	5.66e-05	19
12.0140	-0.524625	-0.524683	5.77e-05	19
12.0200	-0.519497	-0.519555	5.89e-05	19
12.0261	-0.514349	-0.514409	6.00e-05	19
12.0321	-0.509183	-0.509244	6.12e-05	19
12.0381	-0.503999	-0.504061	6.24e-05	19
12.0441	-0.498796	-0.498860	6.36e-05	19
12.0501	-0.493575	-0.493640	6.49e-05	19
12.0561	-0.488337	-0.488403	6.61e-05	19
12.0621	-0.483080	-0.483148	6.74e-05	19
12.0681	-0.477807	-0.477875	6.87e-05	19
12.0741	-0.472515	-0.472586	7.01e-05	19
12.0802	-0.467207	-0.467279	7.14e-05	19
12.0862	-0.461882	-0.461955	7.28e-05	19
12.0922	-0.456540	-0.456615	7.43e-05	19
12.0982	-0.451182	-0.451258	7.57e-05	19
12.1042	-0.445807	-0.445885	7.72e-05	19
12.1102	-0.440416	-0.440495	7.87e-05	19
12.1162	-0.435010	-0.435090	8.02e-05	19
12.1222	-0.429587	-0.429669	8.18e-05	19
12.1283	-0.424149	-0.424232	8.34e-05	19
12.1343	-0.418696	-0.418781	8.50e-05	19
12.1403	-0.413227	-0.413314	8.66e-05	19
12.1463	-0.407743	-0.407832	8.83e-05	19
12.1523	-0.402245	-0.402335	9.00e-05	19
12.1583	-0.396832	-0.396824	8.34e-06	20
12.1643	-0.391307	-0.391298	8.51e-06	20
12.1703	-0.385767	-0.385759	8.68e-06	20
12.1764	-0.380214	-0.380205	8.86e-06	20
12.1824	-0.374647	-0.374638	9.04e-06	20
12.1884	-0.369066	-0.369057	9.22e-06	20
12.1944	-0.363472	-0.363462	9.41e-06	20
12.2004	-0.357865	-0.357855	9.60e-06	20
12.2064	-0.352245	-0.352235	9.80e-06	20
12.2124	-0.346612	-0.346602	9.99e-06	20
12.2184	-0.340966	-0.340956	1.02e-05	20
12.2244	-0.335309	-0.335298	1.04e-05	20
12.2305	-0.329639	-0.329628	1.06e-05	20
12.2365	-0.323957	-0.323946	1.08e-05	20
12.2425	-0.318264	-0.318253	1.11e-05	20
12.2485	-0.312559	-0.312547	1.13e-05	20
12.2545	-0.306842	-0.306831	1.15e-05	20
12.2605	-0.301115	-0.301103	1.17e-05	20
12.2665	-0.295377	-0.295365	1.20e-05	20
12.2725	-0.289628	-0.289616	1.22e-05	20
12.2786	-0.283869	-0.283856	1.25e-05	20
12.2846	-0.278099	-0.278087	1.27e-05	20
12.2906	-0.272320	-0.272307	1.30e-05	20
12.2966	-0.266530	-0.266517	1.32e-05	20
12.3026	-0.260731	-0.260718	1.35e-05	20
12.3086	-0.254923	-0.254909	1.38e-05	20
12.3146	-0.249105	-0.249091	1.40e-05	20
12.3206	-0.243278	-0.243264	1.43e-05	20
12.3267	-0.237443	-0.237428	1.46e-05	20
12.3327	-0.231599	-0.231584	1.49e-05	20
12.3387	-0.225746	-0.225731	1.52e-05	20
12.3447	-0.219886	-0.219870	1.55e-05	20
12.3507	-0.214017	-0.214001	1.58e-05	20
12.3567	-0.208141	-0.208125	1.61e-05	20
12.3627	-0.202257	-0.202241	1.65e-05	20
12.3687	-0.196366	-0.196349	1.68e-05	20
12.3747	-0.190468	-0.190451	1.71e-05	20
12.3808	-0.184563	-0.184545	1.75e-05	20
12.3868	-0.178651	-0.178633	1.78e-05	20
12.3928	-0.172733	-0.172715	1.82e-05	20
12.3988	-0.166808	-0.166790	1.86e-05	20
12.4048	-0.160878	-0.160859	1.89e-05	20
12.4108	-0.154942	-0.154922	1.93e-05	20
12.4168	-0.149000	-0.148980	1.97e-05	20
12.4228	-0.143053	-0.143033	2.01e-05	20
12.4289	-0.137100	-0.137080	2.05e-05	20
12.4349	-0.131143	-0.131122	2.09e-05	20
12.4409	-0.125181	-0.125160	2.13e-05	20
12.4469	-0.119215	-0.119193	2.17e-05	20
12.4529	-0.113244	-0.113221	2.22e-05	20
12.4589	-0.107269	-0.107246	2.26e-05	20
12.4649	-0.101290	-0.101267	2.31e-05	20
12.4709	-0.095307	-0.095284	2.35e-05	20
12.4770	-0.089322	-0.089298	2.40e-05	20
12.4830	-0.083332	-0.083308	2.45e-05	20
12.4890	-0.077340	-0.077315	2.49e-05	20
12.4950	-0.071345	-0.071320	2.54e-05	20
12.5010	-0.065348	-0.065322	2.59e-05	20
12.5070	-0.059348	-0.059322	2.65e-05	20
12.5130	-0.053346	-0.053319	2.70e-05	20
12.5190	-0.047342	-0.047315	2.75e-05	20
12.5251	-0.041337	-0.041309	2.81e-05	20
12.5311	-0.035330	-0.035301	2.86e-05	20
12.5371	-0.029321	-0.029292	2.92e-05	20
12.5431	-0.023312	-0.023282	2.98e-05	20
12.5491	-0.017302	-0.017272	3.03e-05	20
12.5551	-0.011291	-0.011260	3.09e-05	20
12.5611	-0.005280	-0.005248	3.16e-05	20
12.5671	0.000731	0.000764	3.22e-05	20
12.5731	0.006743	0.006776	3.28e-05	20
12.5792	0.012754	0.012787	3.35e-05	20
12.5852	0.018764	0.018799	3.41e-05	20
12.5912	0.024774	0.024809	3.48e-05	20
12.5972	0.030783	0.030819	3.55e-05	20
12.6032	0.036791	0.036827	3.62e-05	20
12.6092	0.042798	0.042835	3.69e-05	20
12.6152	0.048803	0.048840	3.76e-05	20
12.6212	0.054806	0.054844	3.84e-05	20
12.6273	0.060807	0.060846	3.91e-05	20
12.6333	0.066806	0.066846	3.99e-05	20
12.6393	0.072803	0.072843	4.07e-05	20
12.6453	0.078797	0.078838	4.15e-05	20
12.6513	0.084788	0.084830	4.23e-05	20
12.6573	0.090776	0.090819	4.31e-05	20
12.6633	0.096760	0.096804	4.39e-05	20
12.6693	0.102741	0.102786	4.48e-05	20
12.6754	0.108719	0.108764	4.57e-05	20
12.6814	0.114692	0.114739	4.66e-05	20
12.6874	0.120662	0.120709	4.75e-05	20
12.6934	0.126627	0.126675	4.84e-05	20
12.6994	0.132587	0.132636	4.93e-05	20
12.7054	0.138542	0.138593	5.03e-05	20
12.7114	0.144493	0.144544	5.13e-05	20
12.7174	0.150438	0.150490	5.23e-05	20
12.7234	0.156378	0.156431	5.33e-05	20
12.7295	0.162312	0.162366	5.43e-05	20
12.7355	0.168240	0.168296	5.54e-05	20
12.7415	0.174162	0.174219	5.65e-05	20
12.7475	0.180078	0.180136	5.76e-05	20
12.7535	0.185987	0.186046	5.87e-05	20
12.7595	0.191890	0.191950	5.98e-05	20
12.7655	0.197785	0.197846	6.10e-05	20
12.7715	0.203674	0.203736	6.22e-05	20
12.7776	0.209555	0.209618	6.34e-05	20
12.7836	0.215428	0.215493	6.46e-05	20
12.7896	0.221294	0.221360	6.59e-05	20
12.7956	0.227151	0.227219	6.72e-05	20
12.8016	0.233001	0.233069	6.85e-05	20
12.8076	0.238842	0.238911	6.98e-05	20
12.8136	0.244674	0.244745	7.11e-05	20
12.8196	0.250497	0.250570	7.25e-05	20
12.8257	0.256311	0.256385	7.39e-05	20
12.8317	0.262116	0.262192	7.53e-05	20
12.8377	0.267912	0.267989	7.68e-05	20
12.8437	0.273698	0.273776	7.83e-05	20
12.8497	0.279473	0.279553	7.98e-05	20
12.8557	0.285239	0.285320	8.13e-05	20
12.8617	0.290995	0.291077	8.29e-05	20
12.8677	0.296739	0.296824	8.45e-05	20
12.8737	0.302473	0.302560	8.61e-05	20
12.8798	0.308196	0.308284	8.78e-05	20
12.8858	0.313908	0.313998	8.95e-05	20
12.8918	0.319609	0.319700	9.12e-05	20
12.8978	0.325399	0.325391	8.63e-06	21
12.9038	0.331079	0.331070	8.80e-06	21
12.9098	0.336746	0.336737	8.98e-06	21
12.9158	0.342401	0.342391	9.16e-06	21
12.9218	0.348043	0.348034	9.34e-06	21
12.9279	0.353673	0.353664	9.53e-06	21
12.9339	0.359291	0.359281	9.72e-06	21
12.9399	0.364895	0.364885	9.92e-06	21
12.9459	0.370486	0.370476	1.01e-05	21
12.9519	0.376064	0.376053	1.03e-05	21
12.9579	0.381628	0.381617	1.05e-05	21
12.9639	0.387178	0.387167	1.07e-05	21
12.9699	0.392714	0.392703	1.10e-05	21
12.9760	0.398236	0.398225	1.12e-05	21
12.9820	0.403744	0.403733	1.14e-05	21
12.9880	0.409237	0.409226	1.16e-05	21
12.9940	0.414716	0.414704	1.19e-05	21
13.0000	0.420179	0.420167	1.21e-05	21

--- Statistics of approx values ---
Mean: -0.581131
Median: -0.730639
Mode: [-0.5440121136494102, -0.5490465793475819, -0.5540611958816517, -0.5590557819189971, -0.5640301568437549, -0.5689841407741103, -0.5739175545601829, -0.5788302197976042, -0.5837219588260647, -0.5885925947417193, -0.5934419514013606, -0.5982698534297575, -0.6030761262248028, -0.6078605959630108, -0.6126230896097228, -0.61736343491989, -0.6220814604468543, -0.6267769955511724, -0.6314498704025046, -0.6360999159867633, -0.6407269641135893, -0.6453308474220008, -0.649911399385338, -0.6544684543181876, -0.659001847382453, -0.6635114145909403, -0.6679969928171836, -0.6724584197998409, -0.6768955341446704, -0.6813081753369926, -0.6856961837406288, -0.6900594006119806, -0.6943976680965537, -0.6987108292393504, -0.7029987279915803, -0.7072612092132148, -0.711498118679714, -0.7157093030907364, -0.7198946100681449, -0.7240538881699817, -0.7281869868889533, -0.7322937566628829, -0.7363740488767018, -0.7404277158687383, -0.7444546109369903, -0.7484545883434788, -0.7524275033212454, -0.7563732120743193, -0.7602915717869162, -0.7641824406314568, -0.768045677768031, -0.7718811433479378, -0.7756886985310942, -0.7794682054730772, -0.7832195273440121, -0.7869425283292689, -0.7906370736285337, -0.7943030294695427, -0.7979402631101117, -0.801548642839596, -0.8051280379847013, -0.8086783189158121, -0.8121993570539042, -0.8156910248670491, -0.8191531958834103, -0.8225857446915316, -0.8259885469448038, -0.8293614793671151, -0.8327044197557338, -0.8360172469892436, -0.8392998410254908, -0.8425520829130607, -0.8457738547883256, -0.8489650398855355, -0.8521255225390355, -0.8552551881847075, -0.8583539233677734, -0.8614216157434104, -0.8644581540850516, -0.8674634282852892, -0.870437329358983, -0.8733797494458369, -0.8762905818230329, -0.8791697208947368, -0.8820170622122321, -0.8848325024614274, -0.8876159394783067, -0.8903672722464133, -0.8930864009003566, -0.8957732267347872, -0.8984276522030452, -0.901049580919838, -0.9036389176682355, -0.9061955683999339, -0.9087194402385594, -0.9112104414866377, -0.9136684816243993, -0.9160934713134754, -0.9184853224031237, -0.9208439479318792, -0.9231692621254339, -0.9254611804079524, -0.9277196194022646, -0.929944496924844, -0.932135732003867, -0.9342932448623541, -0.9364169569437313, -0.938506790895438, -0.9405626705796252, -0.9425845210741961, -0.9445722686786162, -0.9465258409114006, -0.9484451665140954, -0.9504267468429807, -0.9522792914402887, -0.9540974201062675, -0.9558810671974608, -0.9576301683164147, -0.959344660316402, -0.9610244813022971, -0.9626695706364135, -0.9642798689357834, -0.9658553180745355, -0.9673958611924233, -0.9689014426889107, -0.9703720082302344, -0.9718075047473471, -0.9732078804454357, -0.9745730847980227, -0.9759030685488483, -0.9771977837209095, -0.9784571836101172, -0.9796812227953867, -0.9808698571292833, -0.9820230437482983, -0.9831407410765289, -0.9842229088167367, -0.985269507959651, -0.9862805007884612, -0.9872558508666535, -0.988195523053001, -0.9890994834997962, -0.9899676996481568, -0.9908001402340433, -0.9915967752921518, -0.9923575761504819, -0.9930825154360967, -0.9937715670715258, -0.9944247062839404, -0.9950419095987396, -0.9956231548396828, -0.9961684211366302, -0.9966776889219758, -0.9971509399317665, -0.9975881572014417, -0.9979893250814551, -0.9983544292207364, -0.9986834565762248, -0.9989763954114953, -0.9992332352985955, -0.9994539671182749, -0.9996385830538839, -0.9997870766081239, -0.9998994425778267, -0.9999756770816475, -1.0000157775406664, -1.0000197426872048, -0.9999875725640658, -0.9999192685232035, -0.9998148332237063, -0.999674270637702, -0.9994975860429502, -0.999284786030409, -0.9990358784991582, -0.9987508726565135, -0.9984297790170692, -0.9980726094056782, -0.9976793769570709, -0.9972500961071905, -0.9967847826084401, -0.99628345351086, -0.9957461271775091, -0.9951728232709924, -0.9945635627628823, -0.9939183679320869, -0.9932372623501944, -0.992520270905796, -0.991767419777195, -0.9909787364464611, -0.990154249704174, -0.9892939896327122, -0.9883979876104237, -0.9874662763187462, -0.9864988897322516, -0.9854958631249415, -0.9844572330520275, -0.9833830373819221, -0.9822733152531837, -0.9811281071111899, -0.9799474546766332, -0.9787314009648989, -0.9774799902780527, -0.976193268196699, -0.9748712815930995, -0.9735140786059572, -0.9721217086760633, -0.9706942224995948, -0.9692316720602814, -0.9677341106168504, -0.9662015926964603, -0.9646341741002015, -0.9630319118939905, -0.9613948644182136, -0.9597230912695044, -0.9580166533126302, -0.9562756126759384, -0.9545000327377466, -0.9526899781440475, -0.9508455147870875, -0.9489667098107472, -0.9470536316171019, -0.9451063498458979, -0.9431249353935407, -0.9411094603900909, -0.9390599982116298, -0.9369766234636928, -0.9348594119988587, -0.9327084408967655, -0.9305237884653357, -0.9283055342470947, -0.9260537589988813, -0.9237685447069962, -0.9214499745837909, -0.9190981330396863, -0.9167131057149436, -0.9142949794558668, -0.9117453792449824, -0.9092593840774739, -0.9067405207196584, -0.9041888801359822, -0.9016045544842402, -0.8989876370952169, -0.8963382224840659, -0.8936564063368592, -0.8909422855023854, -0.8881959580025341, -0.8854175230233717, -0.8826070809014193, -0.8797647331365089, -0.8768905823783675, -0.8739847324224519, -0.8710472882059968, -0.8680783558141144, -0.8650780424621994, -0.8620464565020816, -0.858983707404138, -0.855889905781889, -0.8527651633512653, -0.8496095929561814, -0.8464233085432161, -0.8432064251801489, -0.8399590590225937, -0.8366813273421482, -0.8333733484940614, -0.8300352419246468, -0.8266671281842742, -0.8232691288804757, -0.819841366715568, -0.8163839654585624, -0.8128970499517256, -0.809380746099045, -0.8058351808656726, -0.8022604822674815, -0.7986567793742146, -0.7950242023098615, -0.7913628822211617, -0.787672951309746, -0.783954542798169, -0.7802077909320576, -0.776432830990268, -0.7726297992571189, -0.7687988330420014, -0.7649400706465682, -0.7610536513756164, -0.757139715547832, -0.7531984044530885, -0.7492298603800561, -0.7452342265917191, -0.7412116473314899, -0.737162267803646, -0.7330862341917115, -0.7289836936342479, -0.7248547942200801, -0.7206996849899514, -0.7165185159239308, -0.7123114379546003, -0.7080786029304421, -0.7038201636290198, -0.6995362737689068, -0.6952270879573393, -0.6908927617307585, -0.686533451521669, -0.6821493146621938, -0.6777405093813831, -0.6733071947957214, -0.6688495308964231, -0.6643676785558584, -0.659861799509179, -0.6553320563749155, -0.6507786126040498, -0.6462016325147527, -0.6416012812606404, -0.6369777248469038, -0.6323311301125676, -0.6276616647046211, -0.6229694971111617, -0.6182547966372526, -0.613517733382748, -0.608758478250211, -0.603977202960258, -0.5991740799917761, -0.5943492826333567, -0.589502984944707, -0.5846353617437086, -0.5797465886291636, -0.5748368419572647, -0.569906298817685, -0.5649551370684308, -0.5599835352905088, -0.5549916727914971, -0.549979729638485, -0.5449478865769039, -0.5398963250798696, -0.5348252273403011, -0.5297347762239296, -0.5246251553086843, -0.5194965488479449, -0.5143491417741074, -0.509183119698478, -0.5039986688898369, -0.4987959762737232, -0.49357522942771737, -0.48833661658644034, -0.48308032659522837, -0.4778065489529008, -0.47251547377169584, -0.46720729179104253, -0.46188219434083433, -0.4565403733599279, -0.45118202138358915, -0.4458073315534636, -0.44041649755088713, -0.4350097136626561, -0.429587174733429, -0.424149076168371, -0.41869561391571036, -0.4132269844851751, -0.40774338489753936, -0.4022450127339737, -0.396832176533276, -0.3913068028230011, -0.38576728929725446, -0.3802138362241008, -0.37464664441460244, -0.3690659151576325, -0.3634718502572867, -0.35786465196527834, -0.3522445230471764, -0.3466116667062256, -0.3409662866165074, -0.3353085869223954, -0.3296387721970944, -0.3239570474567638, -0.3182636181657503, -0.31255869017051124, -0.30684246978373597, -0.3011151637098176, -0.295376979039572, -0.289628123286776, -0.28386880432702566, -0.2780992304291111, -0.2723196102517457, -0.2665301527728498, -0.26073106736291213, -0.2549225637468915, -0.24910485196861648, -0.24327814240858395, -0.23744264580483226, -0.23159857317943275, -0.22574613588678136, -0.2198855455729193, -0.21401701419957445, -0.2081407540023228, -0.20225697749965352, -0.19636589748040817, -0.1904677270240098, -0.18456267943808657, -0.17865096829862487, -0.17273280741365343, -0.16680841084709988, -0.160877992867202, -0.15494176797514095, -0.14899995088961657, -0.14305275651344762, -0.13710039997757248, -0.1311430965661706, -0.12518106178796853, -0.11921451128180711, -0.11324366088490354, -0.10726872657491116, -0.10128992449201568, -0.09530747091009419, -0.0893215822407344, -0.08333247503364354, -0.07734036593451239, -0.07134547172993178, -0.06534800928921244, -0.059348195589042224, -0.053346247690354474, -0.047342382726453955, -0.04133681793080397, -0.03532977056580977, -0.029321457994664107, -0.0233120975704821, -0.017301906751150016, -0.011291102995911687, -0.005279903798855566, 0.0007314733478442342, 0.006742810908614958, 0.012753891369955481, 0.01876449721219534, 0.024774410918885673, 0.030783415009367522, 0.036791292030877255, 0.04279782455894353, 0.048802795223776854, 0.05480598667793246, 0.06080718167906089, 0.06680616300264645, 0.072802713531019, 0.07879661623294404, 0.0847876541483257, 0.09077561041992971, 0.0967602683031758, 0.10274141114349888, 0.10871882245283804, 0.11469228582874526, 0.12066158502886118, 0.12662650393954886, 0.1325868266085943, 0.1385423372507067, 0.14449282023050325, 0.1504380601145207, 0.15637784161835894, 0.16231194965865958, 0.16824016935899205, 0.17416228605557746, 0.18007808528720873, 0.18598735279999884, 0.19188987459415233, 0.19778543689086223, 0.20367382614137466, 0.20955482910300371, 0.2154282327265513, 0.2212938242586929, 0.22715139121569713, 0.2330007214182, 0.23884160292980772, 0.24467382415789818, 0.2504971737788696, 0.2563114407851051, 0.26211641451022644, 0.2679118846113096, 0.2736976410614154, 0.27947347418706575, 0.2852391746300985, 0.29099453344178067, 0.296739342020943, 0.30247339210548135, 0.30819647584245774, 0.31390838575955027, 0.3196089147945776, 0.32539941236478515, 0.33107851899659413, 0.3367456627742491, 0.3424006389251521, 0.3480432431225014, 0.3536732714907564, 0.3592905206186781, 0.36489478754917287, 0.370485869801522, 0.37606356534938884, 0.3816276727043377, 0.3871779908339092, 0.3927143191989389, 0.39823645778659766, 0.40374420709227793, 0.40923736811550204, 0.41471574242830284, 0.42017913208824126]
Variance: 0.174607
Std Dev: 0.417860
